130,79301.2199038749
131,79116.066625838
132,78921.511148512
133,78227.4513041939
134,78258.0263244961
135,78031.0361159124
136,77725.6652346187
137,77500.6065503418
138,77810.8137680297
139,77888.3737857884
140,77759.9395403069
141,77479.3968771033
142,77338.9616505954
143,77272.4148995391
144,77179.6704631444
145,77079.7233104043
146,77218.0818682781
147,76764.6955887695
148,76592.8991970785
149,76754.3369474124
150,76766.0493249063
151,76622.5751760434
152,76433.191216193
153,76208.1898870034
154,75934.1839002486
155,75564.6089355974
156,75669.1965874372
157,75906.4819350897
158,75749.0357958044
159,75582.9922849908
160,75799.0703321823
161,76032.961471674
162,75962.9390326703
163,76213.2986400507
164,76240.9427342947
165,76286.5772520011
166,76481.2593230125
167,76666.841416951
168,76432.3632421809
169,76317.5532392198
170,76473.6469462976
171,76634.8017082024
172,76480.76863234
173,76644.7603627485
174,76994.7527319591
175,76804.6753506257
176,76761.6138611284
177,76682.3921237648
178,76491.466419694
179,76105.8748026058
180,75978.6955829799
181,75952.5087257354
182,75742.1338201609
183,75144.2976975695
184,75639.7251096208
185,75837.4979538873
186,75780.3796085257
187,75534.5483838691
188,75376.757368474
189,75199.0013869583
190,74919.7547524554
191,74564.161648493
192,74309.6719507795
193,74773.4763500726
194,74658.3300195443
195,74249.3269765566
196,74472.7534462339
197,74293.0803168521
198,74102.9947106597
199,74039.003809697
200,74203.9268197542
201,74193.2521745162
202,74094.0060456428
203,74076.0574658756
204,74178.3005383665
205,74001.6598878815
206,73850.075413572
207,73961.4899065211
208,74163.6993325581
209,73732.7231198726
210,73528.3300995198
211,73601.3510698019
212,73813.2091192469
213,73943.6540568136
214,73692.1507630726
215,73530.0059728937
216,73484.9728742185
217,73563.3936262722
218,73686.6320425568
219,73590.3244140088
220,73556.900706703
221,73642.4819958856
222,73624.1954264925
223,73598.1677583213
224,73533.9589157962
225,73462.37061584
226,73446.9652197014
227,73202.435679635
228,73187.4489963425
229,73345.4153393175
230,73559.5071044044
231,73250.695044609
232,73150.499788844
233,73130.169176762
234,73101.6868750323
235,72939.3650541291
236,72776.8683435195
237,72804.7171460636
238,72978.1243527448
239,73164.4598809868
240,72811.1711356968
241,72383.456118317
242,72216.3339563042
243,72472.8503797831
244,72317.3202593012
245,72326.7133675999
246,72274.532475452
247,72182.5861306753
248,72357.4166343106
249,72090.2237581081
250,72226.8832467926
251,72403.4178663209
252,72046.150183291
253,72142.2407721491
254,72295.7868341221
255,72197.082138096
256,71788.8122056361
257,71701.1502980589
258,71995.7200593532
259,72079.4031154855
260,71972.2945362811
261,71977.2854765055
262,71953.3770280377
263,71760.0877528318
264,71563.6537745269
265,71545.1266429395
266,72038.9483646081
267,71591.4436918249
268,71449.2210519171
269,71680.8188396555
270,71337.3214725216
271,71581.3420384189
272,71470.7193262691
273,71270.4555099903
274,71341.5742427621
275,71441.2166279675
276,71650.1888867703
277,71676.5255318259
278,71467.1238492117
279,71268.7843783406
280,71258.4001538699
281,71255.469621561
282,71283.0816711044
283,71377.7170757197
284,71027.957003154
285,70816.7731509844
286,70772.6012553349
287,70778.2899522899
288,70347.832915576
289,70325.9856301703
290,70030.3795510848
291,69736.1819229146
292,69912.6456043456
293,69917.2352705028
294,69802.5572568945
295,69648.7069893655
296,69541.2656835061
297,69644.31660861
298,69368.7865969162
299,69283.169612407
300,69304.2631987732
301,69228.5303463032
302,69319.5318768482
303,69102.9712141232
304,68970.9618101334
305,69063.429725984
306,69221.3049312321
307,69023.1405428367
308,68871.4463993889
309,68819.9974627698
310,68852.0984740732
311,68693.5131082195
312,68293.2922562302
313,68324.170128404
314,68702.809070865
315,68495.1569877952
316,68501.2796942958
317,68285.7520871688
318,67971.9013428886
319,67753.6579389723
320,68022.1281425295
321,67995.3803454438
322,67841.966992291
323,67711.7642030814
324,67798.5419175817
325,67638.2821583693
326,67718.0662993283
327,67738.4974627225
328,67571.19470694
329,67621.2987118941
330,67307.2050097213
331,67375.9996954736
332,67546.8607086059
333,67276.4056618721
334,67088.5984418484
335,67000.0101538194
336,67027.4549746166
337,67054.2949036667
338,66737.0512566254
339,66973.7649003938
340,67084.9704475625
341,67158.3571949486
342,67231.4270029857
343,66670.3909597533
344,66968.7314529498
345,66846.3048029547
346,66445.7591380373
347,66503.4059162961
348,66322.2403440421
349,66201.5331877623
350,66270.6612292292
351,66452.8739249425
352,66305.4111539813
353,65983.8969663475
354,65926.1359142827
355,66008.1300914477
356,66054.8704339549
357,65944.2098798307
358,65684.5540981338
359,65459.5998820388
360,65414.4902259069
361,65681.9190922222
362,65893.3256713228
363,65549.4232499403
364,65232.3146299927
365,65268.7125638621
366,65787.592257324
367,65490.5920375295
368,65354.4873603247
369,65365.3488172045
370,65426.2918667037
371,65370.871214089
372,65093.0916497852
373,64888.6036348238
374,64972.9273262132
375,65440.0798315325
376,65228.8933704232
377,65399.8807284888
378,65379.9927848426
379,65161.841779668
380,65079.0035643871
381,65285.5313415723
382,65385.072523119
383,65417.7811149439
384,65348.4349458494
385,65009.7879916352
386,64801.9868153062
387,64647.776471949
388,64544.8784587087
389,64471.4270442854
390,64324.620258189
391,64332.9360474785
392,64392.5945380061
393,64308.7614937378
394,63980.1787628594
395,64104.3333741039
396,64103.2368051073
397,63862.4602752667
398,63647.1782047093
399,63847.073529521
400,63852.0147058051
401,63565.0758832123
402,63399.3955069296
403,63331.8507586538
404,63018.933594
405,63184.347497852
406,63192.438822237
407,63201.9483468005
408,63208.5342558642
409,62986.4506014395
410,62661.1363675213
411,62460.9200644785
412,62506.6322291386
413,62641.3150861923
414,62093.606757791
415,61772.9766226933
416,61661.4862109966
417,61713.2283512142
418,61828.2419063332
419,61745.8506351347
420,61876.6666033849
421,61577.310683233
422,61327.442107552
423,61535.9618797841
424,61378.8171987331
425,61288.8921277495
426,61097.065545058
427,60951.0146717555
428,60993.0185340859
429,60798.9889910927
430,60679.9107013238
431,60502.6679584623
432,60341.9421159164
433,60302.8833648603
434,60129.0641549827
435,60485.4262958521
436,60529.6625686241
437,60207.7991545281
438,59829.587084527
439,60112.514528199
440,59928.6244305781
441,59818.2705631442
442,59849.6760367301
443,59884.772089265
444,60040.5317305937
445,59909.3985695804
446,59759.5337197462
447,59618.3464728663
448,59408.9512600062
449,59397.0730345246
450,59355.8239626221
451,59176.629439727
452,58976.0972721559
453,58966.2573248279
454,58680.5354496279
455,58449.6409668721
456,58410.7394017524
457,58512.1526607003
458,58599.6138519173
459,58719.0102977794
460,58422.8598340101
461,58339.4347232031
462,58349.8018871378
463,58003.2945574062
464,57782.101079895
465,57831.8804509156
466,57784.6381068886
467,57695.0792848327
468,57786.0699983028
469,57925.1075877623
470,57616.0848406572
471,57459.8994451374
472,57520.88294243
473,57648.9535506929
474,57744.6397627627
475,57761.6938596347
476,57472.6334424017
477,57190.6831515203
478,57277.7167632361
479,57278.1751618086
480,57387.3083245468
481,57389.9108616424
482,57233.4709479424
483,56939.0535620479
484,56641.7118348099
485,56823.2058726038
486,56688.3879995866
487,56606.9785378015
488,56832.7596797164
489,56654.8320777753
490,56357.6437308029
491,56137.5389279463
492,55967.0179904808
493,55907.534667741
494,56266.7883198744
495,55919.4094326757
496,55888.826004381
497,55835.0836932202
498,55650.0145928439
499,55637.1194015278
500,55426.9688783138
501,55444.9379434075
502,55311.5328238135
503,55123.0895092707
504,55343.7077650744
505,55366.5698760005
506,55270.9605653827
507,55193.820068802
508,55214.667512197
509,55357.489952982
510,55455.532548785
511,55118.7776187738
512,54978.037703204
513,55005.6225836206
514,55050.5826893678
515,55276.329947377
516,54949.3566323047
517,54770.3214782406
518,54820.1797330954
519,54964.0769792858
520,54813.2626819728
521,54857.143252304
522,54636.480240983
523,54281.7448349494
524,54016.3768521056
525,54099.0335213107
526,53985.4310398753
527,54080.0690577416
528,53966.1802693885
529,53813.1075286411
530,53986.5354051763
531,53704.8302043603
532,53709.9959488419
533,53508.9631170654
534,53304.3824267202
535,53344.518987779
536,53424.8612934178
537,53172.4776606448
538,52754.4936204541
539,52537.9176252206
540,52620.2329916479
541,52687.0878921111
542,52584.0823166377
543,52426.2216307685
544,52214.4387729005
545,51999.6575648386
546,51859.4686187635
547,51840.5964951547
548,51742.5395092026
549,51580.1234221308
550,51594.8144548245
551,51838.62837865
552,51652.3231892996
553,51730.7551295482
554,51584.1032473151
555,51527.5321428151
556,51599.12143496
557,51466.4863787261
558,51474.021407094
559,51114.6327154566
560,51012.7500923934
561,51074.4814634739
562,50989.2729582118
563,51071.6315869483
564,50875.7879481222
565,50831.0952558194
566,50952.8264639664
567,51091.4833345304
568,50955.5662271108
569,50732.8566097061
570,50597.8816624851
571,50546.2750607178
572,50575.1938141748
573,50679.6141628883
574,50844.041911241
575,50898.4129864614
576,50657.7310285712
577,50384.25242928
578,50294.3856414197
579,50335.2137682615
580,50084.6209634868
581,50004.0081179224
582,49953.2429373689
583,49901.8648683903
584,49850.8185823302
585,49465.4681432799
586,49555.0167732953
587,49307.6176184555
588,49067.7833528785
589,49170.7563308302
590,49528.3953585199
591,49125.4235262984
592,48743.0952527436
593,48721.3682279514
594,48827.9961711795
595,48674.9666467302
596,48687.075713034
597,48886.9149642564
598,48830.4993069346
599,48693.0960833103
600,48606.546730689
601,48513.7794580749
602,48183.3928121237
603,47998.9869520385
604,47998.3099980777
605,48097.5284389055
606,48168.2409999211
607,48102.5363515697
608,48085.0231058337
609,47981.557666492
610,47839.2459235845
611,47761.1232026097
612,47823.3920351549
613,47674.4081425728
614,47612.8221569647
615,47748.6565635618
616,47681.7820516735
617,47435.1091338584
618,47807.5532377891
619,47858.6321269885
620,47681.2322862338
621,47313.7545174438
622,47121.1632752055
623,47315.8592970328
624,47251.2505674695
625,47339.2300716626
626,47195.7461828204
627,47180.5692626557
628,47454.6294035833
629,47920.2081534451
630,48160.7274087662
631,48988.4498883749
632,50033.374957629
633,51038.7063392354
634,51840.1289545616
635,52328.1501718082
636,51466.3326214905
637,50261.2440417865
638,49118.8452602125
639,48509.7510596844
640,48291.023520559
641,47257.067517365
642,47123.41515248
643,46799.2451409524
644,46301.3651652605
645,45994.7602974448
646,46139.4107956826
647,46312.4529023062
648,45894.7526126934
649,46059.4017269355
650,46030.396125542
651,45658.5623365122
652,45323.3627332602
653,45640.9756066367
654,45569.0131358204
655,45358.6538381878
656,45265.2052772318
657,45368.2045434394
658,45501.9921862046
659,45000.3973201461
660,44743.033062407
661,45159.9045777086
662,45335.8897140953
663,45025.8462302777
664,44786.1371748831
665,44735.5170456364
666,44571.0270392468
667,44672.8320311429
668,44848.5567203716
669,44887.3319022399
670,44714.0956938108
671,44441.874862616
672,44184.5405973783
673,44132.9117171842
674,44275.8448166753
675,44452.3237320393
676,44414.2026694651
677,44158.5248154497
678,44017.723563791
679,43905.445344288
680,43946.4315566505
681,44105.3805267521
682,44111.9697703882
683,43847.2601815297
684,43955.943683915
685,43786.5379031145
686,43547.9843685863
687,43515.401528892
688,43705.2520365672
689,43349.1737410309
690,43539.8625047254
691,43737.6660835324
692,43715.2928996635
693,43508.0884812166
694,43347.9679280812
695,43237.1718777465
696,43193.0719466507
697,43470.9828946244
698,43684.4727623563
699,43745.4939079893
700,43889.9387002564
701,43691.445152965
702,44175.4663605674
703,44685.3516716722
704,45203.1269208648
705,45600.2578620041
706,45665.7631784846
707,45514.5317888254
708,45025.2771069281
709,44816.6846355684
710,44398.4015811671
711,44005.0264352681
712,44088.4004335837
713,43922.5345876815
714,43759.8630743395
715,43264.9514966127
716,43194.1716083643
717,43398.8285869227
718,43480.5619890888
719,43688.580083316
720,43486.9013524719
721,43500.3984790418
722,43295.9327686708
723,43005.4932212197
724,42834.5159453354
725,42738.8237355086
726,42852.5840101895
727,42700.2202794163
728,42794.1190247539
729,42754.176520318
730,42540.6558646921
731,42565.2185825342
732,42056.2261653482
733,42339.8373960759
734,42528.5056428093
735,42539.9266358108
736,42325.8568069386
737,41989.2302947019
738,42259.2895048071
739,42244.5514548069
740,42241.617065544
741,42452.3351578769
742,42676.1797555029
743,42775.1854331547
744,43045.227332482
745,42818.3441335172
746,42497.4851565897
747,41861.1857814938
748,41464.2403734847
749,41481.2948155735
750,41447.6059016728
751,41098.8374667133
752,40878.7486113869
753,40666.1128153646
754,40706.0992296764
755,40842.49000088
756,40760.3733227904
757,40496.6310728378
758,40512.9479010745
759,40529.2812652954
760,40323.44029557
761,40340.1398783422
762,40579.5793548852
763,40344.9928287402
764,40314.7680191535
765,40356.3224186262
766,40180.1507424413
767,40225.8281321715
768,40459.1478753707
769,40516.7523441169
770,40291.8512694491
771,40245.3930366242
772,40303.9855440268
773,40545.7700608483
774,40510.5240218011
775,40178.1760550576
776,40127.0755314175
777,39778.4962087491
778,39904.2966059296
779,40092.37795701
780,40086.1284795485
781,39919.6590554932
782,39787.0756471926
783,39814.9578001949
784,39762.752188576
785,39889.6756902889
786,39885.0341710228
787,39946.1702841061
788,40126.1804117119
789,40163.6866095559
790,39649.0244513212
791,39778.5547589725
792,39889.484928639
793,40026.7539944548
794,40060.6369488661
795,39994.580513409
796,40098.3682043715
797,40346.6707150009
798,40343.6238643318
799,40030.8633620361
800,39813.7014940959
801,39809.0504167834
802,39813.8777862698
803,39507.7725213173
804,39395.193474813
805,39182.3030997006
806,39388.9831777438
807,39472.8131836005
808,39365.367516474
809,39400.3193705333
810,39413.3133214667
811,39449.6866548
812,39475.350744246
813,39250.3940699406
814,39166.878550213
815,39362.8725332345
816,39504.1580294636
817,39213.8038884574
818,39551.0856192057
819,39426.4317647898
820,39234.3889250056
821,39244.8476042381
822,39416.4913349339
823,39411.0984902281
824,38836.4851371618
825,39126.8782951513
826,39356.6718877168
827,39366.3147432915
828,39271.8085353662
829,39194.8115597653
830,39156.4437568803
831,39325.1500599226
832,39191.4528725702
833,39147.5643334632
834,39125.1691309807
835,39254.6153272717
836,39323.3547858708
837,38894.7194347996
838,39192.4582880733
839,39326.4273263795
840,39238.9530868277
841,39171.3923279318
842,39040.4565655771
843,38973.8285548257
844,39290.7984554624
845,39134.0105178912
846,39075.1312561282
847,39330.6794090825
848,39300.8531969741
849,39314.3623592901
850,39596.653658048
851,39870.0165132859
852,40165.731022789
853,40270.5493888739
854,40680.9892096777
855,41488.0273024244
856,42112.3999494011
857,42595.9263048666
858,43507.9835536358
859,44409.4469362935
860,44983.2399470855
861,45382.1198835923
862,45385.8421880631
863,44834.7993980382
864,44072.3358231624
865,43318.6291023995
866,41746.9204241903
867,41089.3450917138
868,40426.0692559973
869,40060.0902364049
870,39802.9853202382
871,39510.5869733035
872,39223.0170656703
873,39078.3307168072
874,38778.0203981498
875,39024.6715642259
876,38795.7840031276
877,38772.8351532207
878,38946.1812514062
879,38988.4966774458
880,38809.7132812018
881,38744.0491144789
882,39029.7506512253
883,38820.8332663784
884,38918.2811497836
885,39012.1497507029
886,39097.209614018
887,39376.6237574966
888,39286.8108067432
889,39895.5785776511
890,39959.0024592772
891,40239.7747467942
892,40591.3379656997
893,40939.2797636681
894,41265.977218649
895,41440.0576109426
896,41259.8035400863
897,40646.2221521399
898,39824.0051385238
899,39317.3550545685
900,38925.8943862225
901,38594.1594521688
902,38533.011780392
903,38690.5090133688
904,38842.7360992043
905,39390.7740423873
906,39634.3634717357
907,39600.9077683266
908,39360.5179872498
909,38943.4623813138
910,38359.744324493
911,37573.3269238005
912,37479.4645255858
913,37060.6062310191
914,36735.1762581513
915,36700.5721864425
916,36787.7280398002
917,36816.8430173864
918,36910.3302632484
919,36580.0804576953
920,36605.0480798154
921,36737.9045171767
922,36689.8181241098
923,36516.0502653621
924,36520.5572056354
925,36862.7624121157
926,37128.168437607
927,36935.5795121446
928,36723.5611828823
929,36784.1814935381
930,36939.1900619088
931,37024.6918658034
932,37099.4639438354
933,37271.9958853408
934,37235.7126753296
935,37343.6615067651
936,37455.0649069919
937,37458.0522597305
938,37406.4239030292
939,37428.3015325027
940,37506.7963398541
941,37456.5405820115
942,37234.6402709989
943,37029.3352797174
944,36985.0573626487
945,36986.9322163821
946,36967.7999787119
947,36936.6070355686
948,37001.5103332631
949,37160.6532458303
950,36862.4302246195
951,36556.895147802
952,36528.6295987422
953,36615.6977090882
954,36362.7968498326
955,36279.3983011916
956,36403.2981026894
957,36071.5824441554
958,36190.7248174703
959,36418.5912556072
960,36232.0665834671
961,36177.5631125089
962,36080.3149417871
963,35902.8327808104
964,35717.8478096115
965,35668.9945310349
966,36017.596381733
967,36049.4008381524
968,35898.6438126343
969,35977.3386663385
970,36181.6095910574
971,36133.4231553499
972,36025.5359782815
973,36210.8522714595
974,36235.2827495259
975,36398.7983215499
976,36093.6450293762
977,36133.7004707835
978,36273.0454608437
979,36219.6303274093
980,36119.1038947707
981,36170.5048471218
982,36153.1762247129
983,35864.1234635553
984,36177.6279389312
985,36086.2498270293
986,36391.1505872256
987,36304.8916431073
988,36039.8489887613
989,36028.3644129908
990,36109.8146394372
991,36074.3725669431
992,36285.6657638725
993,36322.6115077881
994,36348.9033049752
995,36569.1201567314
996,36783.4660493901
997,36883.0818786521
998,37038.0604328352
999,37338.2321497283
1000,36988.5426991312
1001,37138.16955922
1002,37005.5889455725
1003,36933.9726656883
1004,37041.6473801508
1005,37086.8168913502
1006,36932.8903454097
1007,36757.7077596228
1008,36754.9412397818
1009,36685.4304470714
1010,36908.0015826316
1011,36596.9735641656
1012,36406.1834975782
1013,36440.1609695214
1014,36446.5827070633
1015,36307.4432361097
1016,36271.6378706272
1017,36591.381909006
1018,36344.4356077849
1019,36172.0216757427
1020,36159.9190657735
1021,36113.0387916577
1022,36129.6401253366
1023,36098.4301969363
1024,36026.8283223059
1025,36218.0791685116
1026,36407.1688625772
1027,35912.5195567994
1028,35850.9693365999
1029,35874.4317556571
1030,35894.6325253984
1031,35956.9003344026
1032,36007.2139546517
1033,35982.3258896944
1034,35934.2130468797
1035,35857.455152024
1036,35711.7835056253
1037,36353.8508157044
1038,36155.0308383348
1039,36037.9085291523
1040,36043.9118899402
1041,35846.9045163997
1042,35692.5864852123
1043,36034.7254096535
1044,35912.4886562338
1045,36103.98044106
1046,35971.4097330697
1047,35851.2224849668
1048,36037.8822510428
1049,36093.5823302795
1050,36103.636770574
1051,36037.3364601444
1052,35706.4617876787
1053,35914.4138056406
1054,36188.2656389758
1055,36143.3702596428
1056,36222.3894796649
1057,36268.7627339313
1058,36051.8359822958
1059,35974.8373431245
1060,36173.4538625355
1061,36402.4851842319
1062,36633.2670023571
1063,36435.5515442428
1064,36604.4633443008
1065,36334.6880492544
1066,36311.8537796288
1067,36423.6082345484
1068,36339.4688243075
1069,36241.5947756648
1070,36419.7165835826
1071,36711.1099542509
1072,36790.0753995673
1073,36481.8899400081
1074,36516.7768818058
1075,36872.9674220105
1076,36879.4027487075
1077,37023.4062887345
1078,37193.2592864395
1079,37327.9240241754
1080,37425.6787682835
1081,37228.9396999506
1082,37439.7869501557
1083,37323.8781526463
1084,37762.7124449261
1085,37403.0369786561
1086,37393.5127690204
1087,37779.8834841394
1088,38169.8157237451
1089,38451.4360635731
1090,38750.9100763012
1091,39009.4928436019
1092,39223.7289342617
1093,39787.7008777383
1094,40179.4298667571
1095,40584.4756763448
1096,40989.6205430833
1097,41067.6644183118
1098,40862.0789919425
1099,40585.1638519036
1100,40419.6521255823
1101,40454.3122660366
1102,39942.0969239901
1103,39864.3680514267
1104,39525.3989043836
1105,39534.7714116479
1106,39161.2885651397
1107,39145.1661953803
1108,39485.2211888272
1109,39650.08508002
1110,39704.8141667745
1111,40129.2103025795
1112,40167.5828568262
1113,40646.1295400237
1114,40632.5597189538
1115,40944.5479749738
1116,40888.5660335643
1117,40784.8658719826
1118,40857.6358841296
1119,40918.1458213739
1120,40695.5934401301
1121,40378.6400224984
1122,40611.6501283618
1123,40330.3837824539
1124,39922.6061208662
1125,39981.8862933226
1126,39564.0012338777
1127,39365.0869136593
1128,39284.3222739131
1129,39171.8451939664
1130,39086.0552453191
1131,39070.3235299939
1132,39135.3691147853
1133,39256.5122194144
1134,39005.1777920024
1135,38915.7214461899
1136,38829.1724192215
1137,38875.684623121
1138,38949.2902255253
1139,38889.4446272391
1140,38779.8438173253
1141,38790.9766206481
1142,38897.9843433608
1143,38930.8283453813
1144,38736.4120602611
1145,38549.9651666681
1146,38865.1817963275
1147,38957.467734453
1148,39170.6739231793
1149,39233.0858469044
1150,39168.4544157145
1151,39082.4656343073
1152,38925.6969124257
1153,38805.1281859241
1154,39090.5520825131
1155,39183.2265194509
1156,39281.8648141665
1157,39233.3155950681
1158,39501.9617148274
1159,39340.3017957253
1160,39168.7620161353
1161,39281.4793730916
1162,39203.1658633892
1163,39024.2528317852
1164,39311.9025394764
1165,39359.3353200427
1166,39586.6453577005
1167,39970.6598459874
1168,39903.0819449487
1169,39786.676813913
1170,40021.9815337683
1171,40305.2221728297
1172,40281.7607345639
1173,40251.4936943817
1174,40371.708666774
1175,40499.2699134786
1176,40756.324453546
1177,40897.924068054
1178,40968.8088345841
1179,41304.8195490984
1180,41267.3747427873
1181,41419.0977625746
1182,41322.3623582774
1183,41705.235052328
1184,42097.621462623
1185,42092.3799738129
1186,42032.9091267208
1187,42148.8647311049
1188,42111.9500751732
1189,41855.7230639066
1190,41698.456386225
1191,41647.676428046
1192,42076.9789886153
1193,41804.1673811489
1194,41493.9477170238
1195,41405.3209141022
1196,41327.1060232747
1197,41292.8788859187
1198,41451.4110660848
1199,41608.5769662505
1200,41501.9798885326
1201,41378.8114050109
1202,41522.1020329059
1203,41407.7307129926
1204,41447.6554088011
1205,41331.9567075641
1206,41574.4446468221
1207,41534.4446949659
1208,41655.63688779
1209,41672.8245052783
1210,41666.2695464629
1211,41994.4229255052
1212,41758.9602586444
1213,41465.3272072332
1214,41501.4338039441
1215,41625.8902347197
1216,41670.7196411363
1217,41817.0415603789
1218,42014.9502704394
1219,41884.5191118793
1220,42070.2864682081
1221,42369.7886884393
1222,42482.6912705112
1223,42535.0736033416
1224,42589.6393204901
1225,42640.500898399
1226,42623.60022465
1227,42973.2142096748
1228,42425.318903269
1229,42851.3543213091
1230,42841.9244334616
1231,43111.624710161
1232,43283.4837456859
1233,43385.2558185528
1234,43571.3996566251
1235,43609.8280290866
1236,43437.8974136128
1237,43391.0912043307
1238,43476.9189839297
1239,43677.4136962083
1240,43947.7205615085
1241,43553.8489509059
1242,43749.9020833201
1243,43616.4412448105
1244,43704.652137797
1245,43610.9693039594
1246,43668.8730504748
1247,43813.1862689269
1248,43986.7041574356
1249,44018.2130377804
1250,43826.073071971
1251,43831.2710771225
1252,43771.7498507889
1253,43441.9516645028
1254,44098.8988633976
1255,43935.2720520353
1256,43713.1178714244
1257,43538.3859905636
1258,43924.7775944845
1259,44013.7457943337
1260,44101.486083969
1261,44130.3389930092
1262,44061.6545724557
1263,44051.9484673132
1264,44031.9127598665
1265,43996.8858575236
1266,44127.6507548945
1267,44556.4377658754
1268,44695.0194835673
1269,44716.6631148939
1270,45188.964843299
1271,45101.383157189
1272,45152.2956322367
1273,45206.8088013681
1274,45592.8724239942
1275,45944.1248896967
1276,46185.9605984849
1277,46470.2092828255
1278,46785.4484116591
1279,47443.4356357079
1280,48392.8454134439
1281,48189.1759106284
1282,48250.8298504199
1283,48451.777901786
1284,48753.6847384729
1285,48883.5681249169
1286,48642.4303782544
1287,48919.0452222061
1288,49319.1337441514
1289,49594.8554085374
1290,49844.931981899
1291,49877.292974742
1292,50038.7277731924
1293,50413.7881900584
1294,50371.5315524448
1295,50711.061359748
1296,50696.0525710727
1297,50398.4135474315
1298,50310.7212877966
1299,49599.9751519003
1300,49293.8630347012
1301,49257.1811013579
1302,49200.350414368
1303,49229.4488850399
1304,49168.473602648
1305,48924.9201482206
1306,48719.5326803287
1307,48906.5707991541
1308,49346.5796313545
1309,49406.3764290276
1310,49192.4467281487
1311,49563.9398426819
1312,49483.074228785
1313,49796.2414390099
1314,49865.3257042897
1315,50256.7799812897
1316,50143.994150823
1317,50309.0430726881
1318,50460.5173556653
1319,50562.0782047
1320,50673.5463482885
1321,50717.1205181027
1322,50757.1481447588
1323,50855.7064945964
1324,50806.3956267418
1325,50746.3804298945
1326,51097.5225236572
1327,51426.9564427759
1328,51697.2894949409
1329,51669.2886568481
1330,51502.6193439957
1331,52058.2437038783
1332,52067.1166219756
1333,52110.3015934139
1334,52312.9704250224
1335,52250.3052776391
1336,52504.1389534838
1337,52576.2999207566
1338,52802.4699651656
1339,52838.2746891435
1340,53085.0839212446
1341,53454.6380354377
1342,53497.2453435742
1343,53977.0841907534
1344,54286.967611337
1345,54415.7495593665
1346,54441.8693813346
1347,54394.756937776
1348,54797.7099627415
1349,54960.1674884784
1350,55582.3556736083
1351,55674.1075977257
1352,56152.8116837033
1353,55874.7557754267
1354,55860.2844667017
1355,55999.6343509553
1356,56093.5647996686
1357,56464.7736932395
1358,56664.0216602379
1359,56689.4092361589
1360,56858.4085640466
1361,56867.4584107825
1362,56934.4820306765
1363,56570.5703430384
1364,56770.5769649465
1365,56971.0395539282
1366,56760.8309292852
1367,56841.6234831021
1368,57118.9523270866
1369,57068.4333815596
1370,57147.6152084884
1371,57371.8497559507
1372,57446.9543135324
1373,57116.4940248439
1374,57077.0634092022
1375,57180.2201767962
1376,57192.7422029385
1377,57097.5285184615
1378,57100.4219792797
1379,57309.2544631721
1380,57439.1889373586
1381,57412.81000432
1382,57534.7487432697
1383,57739.6613466121
1384,57080.2374789069
1385,57434.1782299994
1386,57310.7987209666
1387,57213.2209826459
1388,57018.6460877898
1389,57711.12460869
1390,57248.4308141818
1391,57784.6451231422
1392,58062.9885851211
1393,57754.1433248919
1394,57473.0998683403
1395,57342.2350381626
1396,57280.1965820284
1397,57127.6511015981
1398,56884.0303705699
1399,57052.7826090003
1400,57277.1442344673
1401,57156.7211344666
1402,57462.9456193764
1403,57420.1978556159
1404,57109.0412146336
1405,56930.925304677
1406,56804.0416743186
1407,56859.9941287718
1408,56654.3004558563
1409,56382.0276998132
1410,56109.6409719577
1411,56425.1157592176
1412,56346.3819958207
1413,56717.8218411785
1414,56153.6454749665
1415,56103.6694728957
1416,56285.6211449907
1417,56259.5458866061
1418,56057.258386426
1419,56003.1779288029
1420,56107.1954016294
1421,55897.3378616814
1422,55504.5312649897
1423,55234.1490221678
1424,55228.473960374
1425,55552.741603969
1426,55238.1161669469
1427,55086.7923640538
1428,55124.9945130634
1429,54978.2672103045
1430,54729.601030918
1431,54542.8103658021
1432,54345.7387788897
1433,54566.2036740137
1434,54693.9403464044
1435,54251.2452805721
1436,54544.6716493706
1437,54244.5380959511
1438,54390.0522578048
1439,54168.3205838796
1440,54105.1217679831
1441,53951.4780813169
1442,53850.4648792312
1443,53890.9230753013
1444,53968.9036223509
1445,54047.2278821881
1446,53685.2086157792
1447,53426.4337262413
1448,53588.4788416432
1449,53468.266474234
1450,53453.0747302652
1451,53624.9029331177
1452,53484.9108112529
1453,53092.666724545
1454,52513.4689758243
1455,52907.8441744424
1456,53082.7072894479
1457,53038.0096849645
1458,52708.1092438537
1459,52777.0461917286
1460,52272.4543883598
1461,52398.5302576592
1462,52541.4001633528
1463,52499.9834071304
1464,52434.3445584504
1465,52311.8711073055
1466,52156.8288630867
1467,52184.9541371695
1468,52085.0328043514
1469,51628.6268837992
1470,51560.5039057564
1471,51625.3420855629
1472,51362.6749736785
1473,51120.5704607762
1474,51026.108036377
1475,50857.7938321484
1476,50744.8243212704
1477,50941.1702162022
1478,50992.1700016538
1479,50723.801672
1480,50626.388965241
1481,50454.9152839077
1482,50343.2354211764
1483,50217.2793792158
1484,50555.9360863861
1485,50236.6044550474
1486,50302.0304900644
1487,49909.5521922815
1488,49632.3388260471
1489,49168.0773763986
1490,49295.6778395814
1491,49134.6148948091
1492,49427.677477329
1493,48870.5196129444
1494,48922.2622095329
1495,48783.2330485836
1496,48739.2571708709
1497,48264.6141139829
1498,48468.5701189943
1499,48284.5397557576
1500,48444.0638729274
1501,48248.3634784047
1502,47873.0902839626
1503,47650.5512336637
1504,47700.0840239537
1505,47629.9988595835
1506,47796.6062593244
1507,47778.5671874747
1508,47424.1038666181
1509,47529.3677841974
1510,47719.1562818495
1511,47541.7853158649
1512,47521.7532599351
1513,47731.7001380754
1514,47778.3529135146
1515,47813.81990878
1516,47845.2841192828
1517,47727.8396823205
1518,47788.4874720858
1519,47425.760903439
1520,47303.6229060029
1521,47246.8584516389
1522,47492.7901285104
1523,47678.747258185
1524,47367.2726461605
1525,47114.663127399
1526,47138.9272753812
1527,47074.2781629883
1528,46684.3721981261
1529,46424.0959331506
1530,46074.7858348658
1531,46012.5045129542
1532,46185.3983856419
1533,45853.5279411957
1534,45896.2992666251
1535,45924.9120221478
1536,45714.3266807713
1537,45576.8456867945
1538,45526.4245248924
1539,45657.0213003644
1540,45116.4799057489
1541,45260.174337
1542,45319.7819788102
1543,45401.3223635648
1544,45557.3695359292
1545,45586.5292576928
1546,45393.6769166419
1547,45214.4462216457
1548,45242.535002596
1549,45428.5073914587
1550,45316.5997048562
1551,45474.9694690788
1552,45170.3039826754
1553,45321.6229783663
1554,45488.8101113365
1555,45557.913992719
1556,45577.6565211382
1557,45494.0823497692
1558,45417.3680061281
1559,45445.3880557796
1560,45490.3211091293
1561,45353.9813402601
1562,45139.5038466352
1563,44930.0640673439
1564,44544.1809005438
1565,44381.4081316799
1566,44443.7976062865
1567,44434.5624167837
1568,44315.7522195295
1569,44132.0536699761
1570,43974.4455493174
1571,43540.2611970116
1572,43686.8653674377
1573,43641.4982990383
1574,43422.5926496291
1575,43184.4521426667
1576,43429.7752680367
1577,43340.5974333142
1578,43219.8155364349
1579,43214.799228149
1580,43168.3488154804
1581,43446.4986445893
1582,43549.4189364255
1583,43258.2820636322
1584,43295.9103506292
1585,43610.6405695744
1586,43595.1045110347
1587,43331.2339638807
1588,43255.841106602
1589,43298.8063839089
1590,43398.3012207118
1591,43794.5225665687
1592,43694.6924439468
1593,43691.855965508
1594,44060.0693348149
1595,44174.5692930186
1596,44092.8442225992
1597,44337.7814446065
1598,44555.1164304184
1599,44769.9374401
1600,44330.8314137508
1601,44598.4823211376
1602,44292.6443979803
1603,44741.9114074944
1604,45149.6603978693
1605,45230.7215606898
1606,45291.3172247244
1607,45960.4470883633
1608,46542.6807099787
1609,47056.063388951
1610,48255.3713349797
1611,49476.1704479231
1612,50460.6712223776
1613,51995.4761594176
1614,53422.5948859125
1615,54611.794030112
1616,55788.1747792717
1617,56111.5066314378
1618,55194.1090693835
1619,53401.2496859687
1620,51245.2702577837
1621,49388.382812
1622,46961.3805603973
1623,45491.5080857653
1624,44217.2589558913
1625,43213.0828611029
1626,42672.1263848944
1627,42065.4389668536
1628,42537.1569652837
1629,42045.2744402991
1630,42117.5528699747
1631,41672.6075766356
1632,41779.0486398438
1633,41921.8797578359
1634,41291.6534303022
1635,41620.1848042847
1636,41285.2741514815
1637,41054.002422989
1638,40989.395719688
1639,40352.9638662047
1640,40329.3256864606
1641,40206.1646998456
1642,39632.9383041537
1643,39570.159913409
1644,39264.3418018041
1645,39665.8919172302
1646,39271.4469096579
1647,38972.6744244769
1648,38929.0342950279
1649,38382.7949747917
1650,38695.6486781374
1651,38459.5561166971
1652,38467.5661095074
1653,38488.9368768595
1654,38421.1631553647
1655,38032.7509931099
1656,37915.778077992
1657,38067.4721954317
1658,37885.843481142
1659,37818.1996108838
1660,37611.0098131861
1661,37646.7459074502
1662,37753.3809651235
1663,37563.3485651926
1664,37516.4609871056
1665,37573.9288021964
1666,37876.0797376002
1667,37733.9312073221
1668,37959.069692662
1669,37900.8539190723
1670,37876.7428809175
1671,38087.7818499997
1672,38035.1390537989
1673,37986.006535444
1674,38053.7908222111
1675,37597.2405453373
1676,37634.433509752
1677,37171.1808350347
1678,37117.9138333796
1679,36754.3896503776
1680,36567.922750616
1681,36703.7766881625
1682,36130.5412106964
1683,36141.7468298947
1684,36361.7760545035
1685,36260.536111682
1686,36061.2662515919
1687,36003.9056705778
1688,35740.6866825873
1689,35481.8454079767
1690,35470.2547928024
1691,35814.7468733589
1692,35608.2064945063
1693,35618.0992954184
1694,35137.7422344434
1695,35272.7539646687
1696,35344.615569933
1697,35265.6208300488
1698,35189.9625802448
1699,34927.7767921373
1700,34908.1884441971
1701,34976.347016113
1702,35183.4488678381
1703,35524.7799495538
1704,35328.0178116038
1705,35194.9241312342
1706,35221.5328358266
1707,35410.8848330222
1708,35675.6438247236
1709,35670.0274155163
1710,35796.2339495094
1711,35967.9140679985
1712,35903.5949676595
1713,35955.542953596
1714,36115.1871243333
1715,36113.4654243377
1716,36050.4725632093
1717,36494.4826586691
1718,36486.0534092705
1719,36659.9160478126
1720,37149.0820554756
1721,37433.0664161879
1722,37902.0640097802
1723,38417.4706067482
1724,39039.5380081768
1725,39729.2647197746
1726,40883.48753817
1727,41871.1866764912
1728,42405.2655621671
1729,42442.3992685368
1730,42253.5496414834
1731,41171.2061668141
1732,39928.5395646797
1733,38980.0565339138
1734,38432.8640858818
1735,37525.6169202589
1736,37164.2887928041
1737,36684.5829911091
1738,35979.0701744504
1739,36191.0529994528
1740,35699.4918107496
1741,35414.073123393
1742,35079.2832743255
1743,34819.9090059323
1744,34646.3101948512
1745,34508.7979716793
1746,34150.1507635716
1747,34134.3478991649
1748,33791.1277473328
1749,33549.6647738126
1750,33125.6734646183
1751,32670.3700761395
1752,32680.7123639952
1753,32574.1212451844
1754,32218.5604315693
1755,31795.580830155
1756,31659.5813149595
1757,31645.4707820931
1758,31289.6531252239
1759,31180.1831688596
1760,31110.2733091704
1761,30759.0649119926
1762,30573.6369222168
1763,30801.1333900218
1764,30644.1652210066
1765,30478.3599346299
1766,30262.7971433731
1767,30278.4966141108
1768,30265.5058574307
1769,30276.4473509216
1770,30156.7491073487
1771,30044.8110670714
1772,30021.164412094
1773,30161.7144319587
1774,29929.366665123
1775,29843.7960368823
1776,30029.0520133441
1777,29707.6879868462
1778,30138.2386194705
1779,30106.7923305302
1780,30032.8178831572
1781,29939.097917997
1782,30155.8527816148
1783,30098.3527935407
1784,30052.2509851133
1785,29910.4638624166
1786,29981.00445144
1787,29774.6336888997
1788,29542.5790679631
1789,29626.6529684894
1790,29406.4592164998
1791,29220.683277765
1792,29191.0073283836
1793,28937.0141741407
1794,28702.236639832
1795,28760.3910119159
1796,28857.8967692307
1797,28935.9634041751
1798,28478.9361189364
1799,28339.8033278028
1800,28293.0580647881
1801,28664.651938963
1802,28528.9128786877
1803,28380.8796534005
1804,27958.6941853853
1805,27813.2396141938
1806,27972.756853929
1807,27970.3489784946
1808,27857.8597670971
1809,27980.4210862014
1810,28030.0658514039
1811,27819.4580687523
1812,27827.473232242
1813,27748.0467537473
1814,27873.4870208464
1815,27856.4255789798
1816,27882.5907671391
1817,27840.3355060952
1818,27921.7158354755
1819,27938.3807126831
1820,28083.5607369684
1821,28095.0320796928
1822,28117.3024480609
1823,27882.0773473349
1824,28089.0707537699
1825,27815.7449379674
1826,27639.6074938742
1827,27641.0520666053
1828,27710.4842672367
1829,26888.0087183695
1830,27254.5629614307
1831,26857.2645811336
1832,26980.6465069613
1833,27156.9818753855
1834,26754.1384904061
1835,26555.1242403715
1836,26559.601442196
1837,26612.6364035401
1838,26456.4755103122
1839,26491.3600978656
1840,26374.6920962126
1841,26430.2108475637
1842,26419.5802260443
1843,26236.0825929409
1844,26169.8586533094
1845,26229.530115939
1846,25981.1318842012
1847,26023.5734118631
1848,25939.6825554273
1849,25805.4615048716
1850,26047.055476363
1851,26194.821458408
1852,25989.8971558582
1853,25865.5720953812
1854,26001.2219394027
1855,25626.8203396632
1856,25733.6543647574
1857,25957.6915250676
1858,26195.0395894985
1859,26033.2099660371
1860,26042.3935484961
1861,26128.4282047212
1862,25971.1165426529
1863,25943.2556734737
1864,25667.955134197
1865,25624.0047337502
1866,25488.0617106667
1867,25312.6786149182
1868,25314.2334079545
1869,25114.0532143056
1870,24926.3526676763
1871,25049.7474479744
1872,24991.9620909261
1873,25024.5800818294
1874,24912.2162478653
1875,24934.204112506
1876,24604.2516650495
1877,24244.4027542397
1878,24613.1489180549
1879,24499.5714429157
1880,24613.7523522299
1881,24454.8018151861
1882,24387.2458770218
1883,24347.5061288196
1884,24454.4170536958
1885,24138.4808562446
1886,23820.2992112508
1887,24020.2434629427
1888,24005.4948417736
1889,23966.415496869
1890,23795.9874171418
1891,24142.9919365965
1892,23851.5574411758
1893,24015.9114344097
1894,24445.0406157132
1895,23654.997004394
1896,23980.7204953648
1897,24073.8714469623
1898,23827.1894480312
1899,23782.3803417948
1900,23621.5343538993
1901,23649.7970562985
1902,23564.6197187705
1903,23280.6971442579
1904,23064.2254728391
1905,22968.4335582664
1906,22759.9240966778
1907,22656.5504869464
1908,22669.0026818042
1909,22497.7864539033
1910,22640.2078466011
1911,22458.9904830819
1912,22339.6310047779
1913,22388.0109442492
1914,22264.5634304489
1915,22124.0556456813
1916,22031.77556263
1917,22135.5666375808
1918,22120.2977050247
1919,21955.411872025
1920,21793.8780867018
1921,21796.2585164622
1922,21704.6252302494
1923,21603.0521259964
1924,21577.59380545
1925,21857.7260133935
1926,21578.6405443477
1927,21710.7787944017
1928,21566.3073386583
1929,21637.6070928582
1930,21413.3876882655
1931,21247.3075754159
1932,21471.0400065456
1933,21424.9445674081
1934,21380.860899356
1935,21346.3824803991
1936,21351.8237554895
1937,21057.2127073399
1938,20806.126005557
1939,20768.3391368785
1940,20799.916828581
1941,20588.1217411984
1942,20300.0696218929
1943,20446.0256663537
1944,20139.6459270545
1945,20110.3448796885
1946,20163.3236858227
1947,20122.7764467997
1948,20069.4465594002
1949,19895.2254571773
1950,19764.9696165267
1951,19705.1763368531
1952,19622.084405939
1953,19399.7308263481
1954,19441.7650035028
1955,19413.313602404
1956,19339.7199838961
1957,19340.067990305
1958,19191.7513709179
1959,19166.1167730579
1960,19066.9120275309
1961,18935.382256207
1962,18868.5533120961
1963,18624.8613874676
1964,18488.9533547166
1965,18534.6374433504
1966,18487.6028348788
1967,18590.381463963
1968,18535.5038829317
1969,18465.4227745768
1970,18321.8965918613
1971,18564.4912691659
1972,21603.8696490644
1973,18298.3692346042
1974,18336.7396522676
1975,17980.7531469373
1976,18100.0704129583
1977,18149.5836467372
1978,17846.0067450201
1979,17623.6946724888
1980,17580.5044907192
1981,17583.7810655884
1982,17428.310670478
1983,17240.1638380096
1984,17191.0268464031
1985,17157.1795058007
1986,17048.2545736296
1987,16983.0939599664
1988,17058.2874191031
1989,16832.9021084869
1990,16696.4423330104
1991,16759.4222289183
1992,16604.685578357
1993,16417.2866009369
1994,16413.1919903355
1995,16388.1084877629
1996,16229.6185935499
1997,16158.0664922152
1998,16046.6598431874
1999,16056.2335506782
2000,15941.2634928747
2001,15806.9021753491
2002,15854.6786321464
2003,15936.4086004479
2004,15713.2225666146
2005,15672.9957397044
2006,15659.6091813214
2007,15383.5293334426
2008,15349.1291699968
2009,15445.3957220291
2010,15536.9543947439
2011,15268.6304092283
2012,15129.0384139728
2013,15321.4774571813
2014,15087.6913465137
2015,15056.2805974743
2016,15046.673688602
2017,14996.8338385501
2018,15021.3013792503
2019,15002.5941358889
2020,14860.6399502917
2021,14873.6802807955
2022,14693.8479354286
2023,14612.9181525231
2024,14699.9126652881
2025,14588.0266241827
2026,14445.9662823196
2027,14394.0261464802
2028,14400.0844771638
2029,14234.8468056215
2030,14276.0699147011
2031,14151.4994248856
2032,14134.0804747368
2033,14116.6144085551
2034,14221.3792892621
2035,14035.3763323125
2036,13740.2940188455
2037,13922.1540981359
2038,13768.8519672483
2039,13825.7207838615
2040,13738.1040620006
2041,13674.0617773254
2042,13674.2455715064
2043,13560.3654182995
2044,13527.5261987099
2045,13594.8061428118
2046,13478.9530392053
2047,13409.7315503731
2048,13404.5910973569
2049,13361.0667683094
2050,13144.5485751144
2051,13137.9391392016
2052,13263.1741091537
2053,13123.1820546714
2054,13021.4653642361
2055,12933.5461226137
2056,12946.8347963036
2057,12892.2838169879
2058,12964.3493052199
2059,12866.5475524071
2060,12861.1902426884
2061,12730.2907465444
2062,12666.3574015566
2063,12671.9924242927
2064,12702.9053090165
2065,12690.8874039268
2066,12737.4339684918
2067,12723.6201292758
2068,12608.4514719451
2069,12829.31730711
2070,12866.8664233294
2071,12796.5886228265
2072,12679.0350804472
2073,12545.3726372404
2074,12531.2219945789
2075,12448.6395330682
2076,12334.7503862948
2077,12343.5496923371
2078,12350.626325454
2079,12133.4817366586
2080,12152.5218632472
2081,11945.7892492535
2082,12002.342587846
2083,11986.5157196992
2084,11949.4237632912
2085,11936.7830790955
2086,12008.2630589959
2087,11949.9699197324
2088,11711.5728382269
2089,11786.6938264144
2090,11746.213153294
2091,11799.1129054921
2092,11789.6386650859
2093,11807.0766087031
2094,11806.1266425255
2095,11930.3810096657
2096,12088.0266223961
2097,11959.9445318785
2098,12099.8001131235
2099,12274.7674426898
2100,12143.5348618489
2101,12100.7751722378
2102,11930.2067913392
2103,11825.48195604
2104,11720.2391102632
2105,11684.4735821897
2106,11592.6752928103
2107,11584.086307569
2108,11459.5307786379
2109,11301.4180551136
2110,11185.1189191866
2111,11226.1646043765
2112,11214.5887706696
2113,11049.7758476359
2114,10921.5502531955
2115,10892.2909477221
2116,10982.7904293449
2117,10915.3465409745
2118,10771.7797798145
2119,10803.0963358119
2120,10804.0092221219
2121,10797.0941840296
2122,10916.6481159508
2123,10849.3957866478
2124,10868.4344546796
2125,10939.7203894579
2126,10880.1495705656
2127,10965.84020922
2128,11141.2369426318
2129,10959.8645210186
2130,10917.8179711865
2131,11095.0193892305
2132,11073.2422955793
2133,10975.1428598034
2134,10832.3853316301
2135,10762.3540952088
2136,10768.5877198245
2137,10598.6877174173
2138,10662.9627907353
2139,10570.1310292402
2140,10359.6368012174
2141,10390.8976624201
2142,10237.4854852385
2143,10093.0418657603
2144,10137.0275756533
2145,10133.9771468975
2146,9993.78089318812
2147,9977.1780821636
2148,9989.26289308385
2149,9913.78027485326
2150,9962.02067229237
2151,10037.0521460139
2152,9896.98374014394
2153,9959.35133578885
2154,10020.8013796139
2155,10021.7303386382
2156,10070.2479157564
2157,10121.9127650409
2158,10175.7445635142
2159,10189.6691540983
2160,10216.3215812283
2161,10148.3869580695
2162,10095.9937215922
2163,10142.2792951042
2164,10061.148170938
2165,10050.7740369677
2166,10100.6757575702
2167,9872.20971540681
2168,9774.271495552
2169,9725.23342341113
2170,9697.27805348109
2171,9667.54184343578
2172,9523.31562275566
2173,9448.45097372814
2174,9512.65533564634
2175,9459.58345881515
2176,9361.49057265535
2177,9178.72197000314
2178,9210.15680575787
2179,9192.96470481097
2180,9165.40825013558
2181,9119.86987879921
2182,9235.01241306328
2183,9280.78577755755
2184,9246.86498305357
2185,9130.68240903872
2186,9000.92040914491
2187,9119.90762717499
2188,9261.31281805628
2189,9271.78521718189
2190,9243.39951602727
2191,9319.77091394984
2192,9351.2844236868
2193,9495.45788569224
2194,9496.93580879062
2195,9461.91433080968
2196,9563.65693129113
2197,9342.68310553345
2198,9346.029181679
2199,9272.82932961041
2200,9204.87037303365
2201,9184.88449348186
2202,9077.85610055094
2203,8991.67590199289
2204,8827.51980476657
2205,8827.31800777917
2206,8730.94466339694
2207,8784.92783577585
2208,8730.77862200295
2209,8586.40374190656
2210,8485.27217741223
2211,8555.11018736317
2212,8332.7095723428
2213,8400.06045610541
2214,8439.80548107115
2215,8466.71105641479
2216,8391.98067230001
2217,8319.19781764332
2218,8338.13307416904
2219,8399.59587870025
2220,8328.41498266479
2221,8520.50713685693
2222,8449.91151740659
2223,8374.75209734779
2224,8403.54715437864
2225,8549.21912114677
2226,8672.37540391921
2227,8427.51992690937
2228,8592.28088858621
2229,8564.15826580645
2230,8578.40549392089
2231,8681.51598780635
2232,8693.42947484414
2233,8599.72533575523
2234,8514.31790371953
2235,8433.6396430306
2236,8281.40155183988
2237,8252.20884402795
2238,8242.80534029476
2239,8169.959343464
2240,7976.56790346336
2241,8065.60298508498
2242,7960.01874014876
2243,7919.81943398693
2244,7781.24135528247
2245,7717.85184157343
2246,7767.92696827966
2247,7751.45167491719
2248,7707.21463659698
2249,7787.09842969508
2250,7576.21287688295
2251,7771.74534442326
2252,7781.33953975713
2253,7802.24294126591
2254,7758.95969587621
2255,7817.45306201053
2256,7704.8916310725
2257,7836.23058089909
2258,7760.78572459767
2259,7810.09410860747
2260,7827.92518957411
2261,7913.96455146659
2262,8067.67989667144
2263,7982.00638754199
2264,7937.96488272028
2265,8027.44331625748
2266,8010.76417734934
2267,7913.65686256001
2268,7860.98466250781
2269,7900.73587540457
2270,7936.00968014285
2271,7732.16854975883
2272,7622.03455032864
2273,7612.89202527902
2274,7565.65529789708
2275,7452.69969950314
2276,7471.0796842573
2277,7431.8861146104
2278,7259.15965113859
2279,7398.59859691351
2280,7228.69627404492
2281,7288.14898762793
2282,7258.38098764891
2283,7297.75879815114
2284,7093.08018986589
2285,7017.79815442895
2286,7226.85462639064
2287,7067.67636093919
2288,7082.1242511173
2289,7159.92599516424
2290,7066.03174294257
2291,7172.45529327777
2292,7135.06472341212
2293,7274.47590787179
2294,7137.34016005941
2295,7134.6818433264
2296,7196.80846095448
2297,7413.48828419147
2298,7324.10121375775
2299,7379.0741708471
2300,7378.58480384159
2301,7392.07413518319
2302,7306.94854226511
2303,7306.52857263785
2304,7238.38198230644
2305,7010.41558096513
2306,7045.74495346612
2307,6982.59903767909
2308,6984.65706273236
2309,6928.21929566946
2310,6926.03954823311
2311,6774.37831607942
2312,6656.85278371317
2313,6677.14103903643
2314,6701.7625026882
2315,6743.33718893941
2316,6695.70511992714
2317,6708.27083572947
2318,6626.23120610987
2319,6618.47045808207
2320,6533.19015025277
2321,6546.85507941057
2322,6539.5262822446
2323,6665.26866648183
2324,6483.53195555164
2325,6534.95643456959
2326,6616.15920058193
2327,6651.53929313609
2328,6736.80681493678
2329,6749.76291988115
2330,6754.98314671415
2331,6765.20828482784
2332,6900.9709065025
2333,6917.99922802275
2334,6923.08118412046
2335,6862.41304214145
2336,6869.19550636687
2337,6927.98577808895
2338,6803.83065613869
2339,6753.17601380034
2340,6725.39098615722
2341,6640.27386832711
2342,6276.18686299823
2343,6486.53932562236
2344,6337.42618924873
2345,6287.94739057975
2346,6281.63020517095
2347,6246.06552798778
2348,6021.13066322535
2349,6214.27348341979
2350,6133.61202454975
2351,6284.63171406682
2352,6175.53830367199
2353,6089.96071308905
2354,6103.32818032007
2355,6137.19044229279
2356,6069.20026330392
2357,6137.52999708235
2358,6151.77162632699
2359,6121.63884436373
2360,6209.06859056034
2361,6134.086426
2362,6209.34693122807
2363,6279.7877401671
2364,6235.9010557568
2365,6240.83502500269
2366,6453.20616065898
2367,6533.81776975381
2368,6539.56207167742
2369,6368.11655954875
2370,6231.38607756836
2371,6189.97042690358
2372,6350.14118573959
2373,6119.5242793989
2374,6174.70142962246
2375,6140.94189073825
2376,6103.74927008642
2377,5945.63138240241
2378,5876.43024539823
2379,5827.86702700447
2380,5760.51711573333
2381,5752.68542780583
2382,5777.75561041396
2383,5675.54559997467
2384,5771.84533612324
2385,5710.02335185915
2386,5795.83304065328
2387,5814.79115372424
2388,5814.34849109388
2389,5767.14996977155
2390,5690.5320748504
2391,5739.13573676599
2392,5750.80738546747
2393,5764.40587250931
2394,5802.41826612354
2395,5893.16576996873
2396,5798.03541355122
2397,5887.11635273428
2398,5947.4924234357
2399,6011.03356574527
2400,5929.03023719947
2401,5948.49338081284
2402,6012.56504107518
2403,5770.62852546111
2404,5812.1140763849
2405,5827.89206347782
2406,5746.47464505056
2407,5637.36034990105
2408,5473.0384170194
2409,5466.42958195604
2410,5452.9952272644
2411,5553.65045777076
2412,5448.32771073841
2413,5485.07465594222
2414,5436.91444963621
2415,5374.65931466547
2416,5326.72277867754
2417,5231.26735614143
2418,5311.23541965949
2419,5327.37086467233
2420,5464.04572312418
2421,5464.97585582424
2422,5403.97982173879
2423,5405.95497714498
2424,5350.68138940392
2425,5304.71670006197
2426,5298.99807697054
2427,5366.83385378962
2428,5402.11299424469
2429,5504.11878375723
2430,5518.41500594588
2431,5564.97815501678
2432,5525.0097520984
2433,5525.02570323523
2434,5463.37948057454
2435,5466.68846409596
2436,5276.11341061283
2437,5308.60575973125
2438,5255.03547740672
2439,5212.54051520564
2440,5108.2797237357
2441,5136.31072320009
2442,5102.87173589304
2443,5031.93197418081
2444,5023.59057025053
2445,4982.91393821432
2446,5054.30311728488
2447,5051.82271976396
2448,5051.5272991844
2449,4985.45996683681
2450,4956.20057759175
2451,4985.32884331838
2452,5112.91125475
2453,5013.43060500429
2454,5020.91334700253
2455,4986.81685381427
2456,5059.4751373562
2457,5065.40633075962
2458,5087.9254202417
2459,5027.68370096661
2460,4980.908743095
2461,5028.36174730874
2462,5030.61478161774
2463,5061.46932723437
2464,5127.55209511727
2465,5027.5686518917
2466,4950.03824379388
2467,4900.49693214658
2468,4893.90812261836
2469,4883.90810997899
2470,4838.31645337558
2471,4850.27889481423
2472,4810.91140051364
2473,4810.48462679378
2474,4772.42744757392
2475,4713.29834646419
2476,4765.05217821876
2477,4700.56072470397
2478,4711.49318023183
2479,4778.89405150431
2480,4695.64820623924
2481,4638.84319690399
2482,4553.87399360625
2483,4634.58804787155
2484,4762.57892149419
2485,4629.81416938304
2486,4528.5850037563
2487,4688.15946278745
2488,4653.9209410363
2489,4715.58057989272
2490,4688.2268815232
2491,4693.66751472033
2492,4604.46065411009
2493,4663.49846789317
2494,4646.56735272251
2495,4528.1486046755
2496,4581.53985302005
2497,4515.20272416317
2498,4558.14124161911
2499,4479.00434574579
2500,4486.29656554639
2501,4540.16859721245
2502,4328.41601382125
2503,4454.47821102083
2504,4470.09168888886
2505,4476.48231985805
2506,4386.56807071885
2507,4504.29398701949
2508,4538.04788695508
2509,4485.94268212222
2510,4421.78901056423
2511,4414.09648561789
2512,4390.90638908174
2513,4354.15301146744
2514,4331.2896044403
2515,4423.92783466633
2516,4346.95621344977
2517,4386.98024999716
2518,4274.9262299462
2519,4282.99939330746
2520,4342.65221114531
2521,4247.42336464167
2522,4340.44375504785
2523,4360.36247170781
2524,4329.25590697244
2525,4242.54517053802
2526,4258.39655825357
2527,4212.08222711875
2528,4219.27949650831
2529,4206.92328168315
2530,4122.83825667544
2531,4182.89839132618
2532,4191.50788997215
2533,4164.70048697888
2534,4189.55580612742
2535,4162.64010537959
2536,4218.04033331471
2537,4202.81880903445
2538,4144.21169192029
2539,4140.39586987282
2540,4039.98546147106
2541,4045.80441408009
2542,3987.06727476906
2543,4001.45822869776
2544,4031.74998161228
2545,4048.55479290477
2546,3997.42129144635
2547,3951.05628850038
2548,3899.36471028312
2549,3950.84097078739
2550,3950.38134430814
2551,3940.1386736132
2552,3953.89256931189
2553,3964.35278073642
2554,3932.82261590884
2555,4004.43251746586
2556,3987.74123301102
2557,3920.98106991867
2558,4012.59322783714
2559,3894.28644135276
2560,3965.78309688894
2561,4016.44453493394
2562,3959.86868757441
2563,3832.70882446611
2564,3819.00720512252
2565,3879.45206298478
2566,3855.74421565028
2567,3936.95787282802
2568,3838.57061503587
2569,3805.46355049296
2570,3835.80395535966
2571,3835.13560306567
2572,3802.52236674187
2573,3845.14672988469
2574,3765.37793145878
2575,3826.11041759772
2576,3825.01133922862
2577,3819.01283032718
2578,3867.09567346189
2579,3745.52685305086
2580,3721.09783779694
2581,3847.94739963927
2582,3767.63471469085
2583,3717.74062761348
2584,3621.34300852095
2585,3718.14862529635
2586,3678.4837176548
2587,3687.71533822118
2588,3721.19182172318
2589,3696.8182611049
2590,3657.35153900246
2591,3604.83651844298
2592,3666.29754861588
2593,3699.58400632719
2594,3639.74685333954
2595,3572.21312632828
2596,3534.42919058332
2597,3614.25331288678
2598,3613.45358374774
2599,3638.22945005625
2600,3602.82809320667
2601,3545.63479358627
2602,3674.07870965504
2603,3602.30584395739
2604,3540.05525767722
2605,3494.41525364152
2606,3487.52864588783
2607,3536.97412555123
2608,3545.40112875362
2609,3587.0449820436
2610,3556.8052575616
2611,3421.11469538618
2612,3368.32176167769
2613,3423.5807919345
2614,3388.00392297249
2615,3491.46891230327
2616,3435.04903054042
2617,3468.67436007174
2618,3534.59831461417
2619,3491.37926729552
2620,3499.52939913253
2621,3374.81025259038
2622,3413.34832404881
2623,3449.86040801567
2624,3357.19147874393
2625,3353.6196295602
2626,3393.63459217886
2627,3284.6265229752
2628,3228.02957950135
2629,3268.05720571388
2630,3317.60660049198
2631,3292.66443023724
2632,3305.54108435198
2633,3250.73694752876
2634,3225.9548167353
2635,3298.7559878414
2636,3303.94827402906
2637,3271.03211673915
2638,3265.50969451938
2639,3190.93728516519
2640,3283.61074486493
2641,3190.64161647591
2642,3170.03202353953
2643,3105.85775402541
2644,3196.57068784117
2645,3200.8824895762
2646,3136.24471509081
2647,3191.80073453306
2648,3160.09971978486
2649,3150.59268571202
2650,3182.69828899152
2651,3126.5525991165
2652,3077.77905341206
2653,3114.12821576208
2654,3123.36095221435
2655,3099.65888322998
2656,3087.14510974126
2657,3006.60719355299
2658,3089.10141039623
2659,3052.84821506891
2660,2978.56206707078
2661,3098.40447765946
2662,3052.74508474419
2663,3020.21072986593
2664,3099.37724889849
2665,2996.97910429521
2666,3029.39097731206
2667,3004.76259754931
2668,2980.23069825194
2669,2968.56906250256
2670,2953.02339222009
2671,2963.19410010132
2672,2940.88550290106
2673,2923.33530638421
2674,3040.82850205728
2675,3006.60810690358
2676,2910.23084819688
2677,2933.20975841588
2678,2868.89520628701
2679,2798.36228874115
2680,2864.01388540807
2681,2864.15684438403
2682,2832.33761941073
2683,2939.52680881139
2684,2815.74217749619
2685,2804.62302843173
2686,2791.46916080163
2687,2792.53219791407
2688,2837.28836642098
2689,2766.88378281419
2690,2835.6185657176
2691,2922.09264040154
2692,2788.9314362277
2693,2738.87112205203
2694,2809.28880172826
2695,2848.15251196786
2696,2703.33673429917
2697,2790.26454969864
2698,2738.70296563188
2699,2790.29210862193
2700,2604.40712603681
2701,2699.8972531064
2702,2692.82160082806
2703,2743.84756553761
2704,2792.54090544543
2705,2632.05476541627
2706,2573.0346464975
2707,2674.74570261321
2708,2718.15595800662
2709,2608.48993518061
2710,2629.78025640742
2711,2730.18971479361
2712,2554.08611518432
2713,2620.9946626076
2714,2638.3878632241
2715,2612.37881932064
2716,2594.99486281828
2717,2608.08655383755
2718,2611.69991309175
2719,2578.36576634722
2720,2571.18742023837
2721,2580.62738691184
2722,2511.06921885626
2723,2539.52206061725
2724,2465.52853246771
2725,2603.99189233815
2726,2578.1351391866
2727,2486.61063587302
2728,2490.36450528073
2729,2542.11919910918
2730,2511.04408308576
2731,2539.79320864008
2732,2513.92157507979
2733,2456.34754503423
2734,2447.91694702072
2735,2472.25604778645
2736,2466.85477526269
2737,2543.89746311525
2738,2460.10838031625
2739,2484.10799531619
2740,2441.46333166912
2741,2431.06941808799
2742,2459.14297936967
2743,2404.79269806926
2744,2424.73641949951
2745,2506.61728880415
2746,2403.45513339299
2747,2343.06666747972
2748,2357.55740690814
2749,2352.20070193206
2750,2368.3102456859
2751,2314.53730153565
2752,2272.32454356184
2753,2319.90517981915
2754,2297.3459890064
2755,2297.73042071496
2756,2382.43708365697
2757,2343.99166196924
2758,2321.69174773308
2759,2259.26764480747
2760,2323.04525551442
2761,2237.64338825795
2762,2312.75733024579
2763,2260.74695274384
2764,2199.86238466055
2765,2197.81676904617
2766,2281.01931386006
2767,2213.26584694053
2768,2240.46111976453
2769,2219.07596745029
2770,2157.61919637022
2771,2200.4946872629
2772,2211.14566720228
2773,2133.98239209664
2774,2134.77748327922
2775,2176.50713740644
2776,2111.88114310273
2777,2184.89405218691
2778,2121.28509203444
2779,2169.82160564517
2780,2139.61975834851
2781,2210.31089916134
2782,2232.57079843052
2783,2195.06259179036
2784,2115.18519366005
2785,2088.2391526979
2786,2089.10928693062
2787,2003.86940775508
2788,2124.93676421421
2789,2082.65687894574
2790,2150.45485515556
2791,2108.3477356544
2792,2062.09638280326
2793,2049.58462959125
2794,2019.60989052917
2795,2059.80816518384
2796,2102.94091438784
2797,2042.11175404199
2798,2041.09552725561
2799,2093.55348200061
2800,1995.87839821346
2801,2018.51383379072
2802,1984.44398642306
2803,2014.66898079655
2804,1984.67010670703
2805,2000.34636897538
2806,1971.81005714186
2807,1999.47316005675
2808,1983.22374645337
2809,1950.030101346
2810,1976.61836327342
2811,1929.95725009892
2812,1925.44033851067
2813,1983.122463274
2814,1945.44677256785
2815,1878.32525927869
2816,1847.31877723816
2817,1901.64484198321
2818,1963.41407627576
2819,1875.54197394927
2820,1858.23361123048
2821,1898.71539403933
2822,1918.024017062
2823,1832.51499655093
2824,1783.73406124118
2825,1718.74220368791
2826,1854.5260793528
2827,1805.23950655628
2828,1770.51490083863
2829,1836.76594565069
2830,1799.5728397538
2831,1895.85221750954
2832,1829.23094622611
2833,1764.47726258087
2834,1739.21400161054
2835,1686.67558993022
2836,1739.90116919941
2837,1751.6622942968
2838,1738.92319571718
2839,1810.53457782302
2840,1749.14610323589
2841,1714.02804518567
2842,1710.23148174541
2843,1754.92490874268
2844,1651.26931535199
2845,1682.65652320381
2846,1610.92504515757
2847,1646.49264807193
2848,1758.68112836188
2849,1641.20859089357
2850,1694.25858876304
2851,1693.74124436735
2852,1688.42586732326
2853,1719.68343997324
2854,1668.42689708182
2855,1682.1454445873
2856,1685.47076076803
2857,1655.23347868693
2858,1762.77887909355
2859,1693.01298905891
2860,1721.66980081862
2861,1699.54582639309
2862,1766.39143987719
2863,1733.48811574899
2864,1809.5861289032
2865,1721.08636378462
2866,1720.69190257306
2867,1688.29098470536
2868,1689.58484269968
2869,1708.29377193524
2870,1702.26704735129
2871,1686.6517829754
2872,1700.39089910779
2873,1758.91711925513
2874,1782.98899193754
2875,1705.55329027
2876,1728.55480409495
2877,1778.89879244849
2878,1681.27126769771
2879,1707.01632015919
2880,1768.68009996989
2881,1678.30319288103
2882,1719.37505272322
2883,1659.07959767553
2884,1707.5885502946
2885,1693.33451770286
2886,1641.93823996656
2887,1623.39628497965
2888,1596.00965319453
2889,1657.05684443339
2890,1690.19421548686
2891,1625.93008780548
2892,1590.10609078263
2893,1544.77004239595
2894,1649.12961498632
2895,1725.8457266144
2896,1611.28842581975
2897,1595.69927307634
2898,1519.46901050286
2899,1572.40478008601
2900,1627.76291727087
2901,1586.54196942907
2902,1549.08356950722
2903,1569.32844209444
2904,1619.76174593171
2905,1638.90620563632
2906,1604.95296449392
2907,1582.79097180438
2908,1644.50076812087
2909,1522.43189798256
2910,1680.83865226717
2911,1579.93852535585
2912,1633.10123573703
2913,1666.20974571756
2914,1565.29937338416
2915,1623.47018524869
2916,1628.7347098308
2917,1591.69874874442
2918,1507.95883593828
2919,1617.8438171754
2920,1662.2596951102
2921,1643.96949637625
2922,1531.02093658626
2923,1596.0378485166
2924,1576.6048495616
2925,1599.87938478317
2926,1512.43523660649
2927,1602.20850028608
2928,1589.10920645227
2929,1607.29644275198
2930,1539.55859950824
2931,1677.8036824791
2932,1684.64760298892
2933,1616.55089844004
2934,1682.12782109905
2935,1738.6605841404
2936,1753.47702993289
2937,1759.01848994232
2938,1796.433935278
2939,1807.3613425185
2940,1772.67644332615
2941,1746.09652138144
2942,1688.42521640368
2943,1721.60447887904
2944,1713.82265273601
2945,1717.23628546183
2946,1680.20427179849
2947,1718.69750916882
2948,1669.34486896949
2949,1622.25916905877
2950,1605.20951105574
2951,1528.37344991361
2952,1541.35553410634
2953,1580.93656617161
2954,1549.76278100183
2955,1594.85483508394
2956,1531.53908992348
2957,1494.76070094099
2958,1561.37442542965
2959,1588.14352131441
2960,1555.72776268788
2961,1577.21430236693
2962,1609.41515381081
2963,1679.44320607641
2964,1695.05381320254
2965,1737.37792894946
2966,1684.31956154633
2967,1741.5865301847
2968,1654.79654634718
2969,1614.85372222256
2970,1623.83350035955
2971,1566.13714901972
2972,1690.31447285757
2973,1642.69542479047
2974,1525.90280430251
2975,1549.01958595853
2976,1569.68874099843
2977,1589.42944331538
2978,1522.6142213366
2979,1543.81775100239
2980,1586.08539007991
2981,1450.99597650436
2982,1477.23320189746
2983,1463.68605984123
2984,1399.83878692949
2985,1409.11093731223
2986,1385.69367413989
2987,1358.78015808345
2988,1369.63409129351
2989,1390.14526680331
2990,1321.22498332449
2991,1252.79929923241
2992,1358.26926056009
2993,1369.64218921917
2994,1337.63015654904
2995,1331.77261507763
2996,1362.96456424623
2997,1343.97748465315
2998,1342.6585281745
2999,1289.58279631011
3000,1302.44009870476
3001,1284.11105102979
3002,1273.6674891612
3003,1314.74167258037
3004,1208.84345728426
3005,1251.84746993416
3006,1269.09863852012
3007,1257.78513905687
3008,1261.30436174676
3009,1207.92316252289
3010,1216.97184057177
3011,1218.85835713606
3012,1200.09914019304
3013,1163.12324031456
3014,1198.40286560627
3015,1102.4065265288
3016,1137.14931678512
3017,1157.77355092618
3018,1076.73094182424
3019,1052.0298378558
3020,1074.81444226422
3021,1011.42279801777
3022,1019.87978858691
3023,1036.81744919149
3024,1068.40876412525
3025,964.361611480493
3026,1075.6161308566
3027,1028.7541439527
3028,992.300272052446
3029,979.953305471762
3030,1040.62949576977
3031,984.254579717119
3032,1045.10054868987
3033,961.601241842927
3034,979.452691238287
3035,986.279334754935
3036,920.912636902276
3037,970.789736577413
3038,970.613390216881
3039,990.791107352087
3040,955.879336956966
3041,980.707090983828
3042,944.112290180617
3043,873.408324354969
3044,896.5712832242
3045,897.471446520482
3046,968.729922979158
3047,956.968069020945
3048,932.486899362504
3049,930.790345014499
3050,906.972243587438
3051,945.554654168904
3052,946.507617799634
3053,946.583398544321
3054,904.803849688069
3055,871.133052400092
3056,933.851598139699
3057,895.874554762016
3058,970.587413925061
3059,933.039148385123
3060,950.224406208001
3061,949.170062716823
3062,918.701991549206
3063,878.112176735544
3064,936.750025966638
3065,909.610837816458
3066,970.275948331772
3067,991.121917302811
3068,1003.19478250629
3069,1097.32321063734
3070,1046.19143834256
3071,1064.98203149904
3072,1165.00486029255
3073,1123.71648865155
3074,1182.68899417571
3075,1099.125341002
3076,1206.34428384931
3077,1180.44895329338
3078,1233.1594505273
3079,1266.6843821574
3080,1300.92976035447
3081,1392.72567263406
3082,1391.5286197114
3083,1411.56989655402
3084,1452.92216881914
3085,1387.86735417894
3086,1388.0606341377
3087,1257.48375175696
3088,1200.57474332172
3089,1050.71700368863
3090,1035.35396541684
3091,1008.05141947314
3092,978.222969379602
3093,904.244919171182
3094,957.383982778021
3095,885.654504036487
3096,867.864501413733
3097,803.563461233781
3098,784.280012957713
3099,789.815630926679
3100,744.463222936622
3101,769.406753162565
3102,753.212787498337
3103,735.679294681104
3104,749.665328737798
3105,778.690289461475
3106,700.837109630961
3107,781.574248186339
3108,721.18105423913
3109,755.73978325801
3110,778.853808867458
3111,750.04481852265
3112,752.948476745803
3113,729.598793696179
3114,728.654952812006
3115,707.535594435411
3116,673.97525465632
3117,695.44095124428
3118,790.489220486547
3119,689.505054892336
3120,624.69494894111
3121,711.627137173566
3122,700.845267735981
3123,653.824916068571
3124,661.084530231821
3125,635.087757842295
3126,623.530037307729
3127,625.224690846918
3128,635.291359395182
3129,667.969464978103
3130,673.14523026822
3131,596.125135032368
3132,638.338109636692
3133,625.802291342619
3134,663.611688683423
3135,641.95462491637
3136,674.79840855471
3137,598.096079488595
3138,675.822001668687
3139,651.402797192401
3140,680.672540188322
3141,654.474049145101
3142,609.938213304007
3143,613.47761768483
3144,666.984942336046
3145,645.410462315536
3146,662.409866179675
3147,674.978254039643
3148,615.873430330725
3149,613.914887346197
3150,572.537665279593
3151,625.447624683939
3152,655.054266424123
3153,645.385953708806
3154,667.903285203627
3155,595.588333191464
3156,704.87286007792
3157,624.047445090265
3158,690.235215100626
3159,641.188627669318
3160,683.82227586048
3161,777.445257443015
3162,820.870980954638
3163,874.926844579916
3164,1015.85461268817
3165,1149.53209562805
3166,1375.87834614399
3167,1728.11529152224
3168,2014.21524972785
3169,2291.62283682293
3170,2562.94620509225
3171,2887.13757363994
3172,3226.97424225753
3173,3460.81066833693
3174,3657.10151037811
3175,4014.52085892393
3176,4000.65479423071
3177,4093.77236047208
3178,4163.02528790408
3179,4123.32933140467
3180,4386.1450762386
3181,4208.78815675394
3182,4164.03238130286
3183,4013.73444822406
3184,3954.82413729237
3185,3858.04876744853
3186,3691.23725176144
3187,3640.33376104887
3188,3660.979228306
3189,3620.55275077266
3190,3561.55692823458
3191,3743.67374009184
3192,3706.33120879314
3193,3825.03233720842
3194,3890.97536653064
3195,4053.36234667053
3196,3891.08167508048
3197,3923.71336599373
3198,4024.30545470427
3199,3977.80195452322
3200,3966.25577009067
3201,3954.47122643962
3202,3865.96284205203
3203,3901.59089529214
3204,3893.53426313605
3205,3864.41609123993
3206,4052.59574079116
3207,4116.9138545594
3208,4042.76962533144
3209,4111.81692000001
3210,4175.33991640066
3211,4324.87317020708
3212,4507.57190655396
3213,4310.94730099685
3214,4486.55046923969
3215,4442.50307757074
3216,4367.62919407339
3217,4293.1106331998
3218,4279.67530943277
3219,4294.41392037204
3220,4098.90091566299
3221,4014.08052683943
3222,3989.11842110469
3223,3869.5364541786
3224,3745.54238470517
3225,3622.2564597418
3226,3670.27940653666
3227,3753.76561235075
3228,3714.15051602012
3229,3852.44593565972
3230,3814.83601204378
3231,3899.31941729556
3232,4065.2118099849
3233,4066.78959878191
3234,4223.22721593358
3235,4229.67931744259
3236,4434.29175299587
3237,4378.33921193851
3238,4530.13483885603
3239,4458.63998299037
3240,4466.38976152337
3241,4418.46498922325
3242,4498.25752420485
3243,4317.4525921983
3244,4444.89465919553
3245,4278.43129140182
3246,4034.90310778353
3247,4011.434888374
3248,3881.50389472761
3249,3720.47815061997
3250,3879.39586305264
3251,3767.17184230655
3252,3645.84326668758
3253,3637.20248904171
3254,3637.83580375129
3255,3619.73825819974
3256,3514.70793399135
3257,3632.50385660848
3258,3682.80608428662
3259,3884.15223358222
3260,4093.50280443039
3261,4061.8643749114
3262,3991.90503175609
3263,4031.48398209515
3264,4210.67090573127
3265,4134.43700616572
3266,4211.73994354062
3267,4214.00893018795
3268,4343.74057016396
3269,4313.82752767689
3270,4349.51426893069
3271,4413.5796797023
3272,4346.4820486468
3273,4229.57326926564
3274,4151.83021303304
3275,4140.10430072646
3276,4048.1528680001
3277,3960.45811488103
3278,3923.88104290087
3279,3853.41466316361
3280,3719.63276779545
3281,3813.08573381819
3282,3762.60102302529
3283,3723.77942536581
3284,3711.66071721343
3285,3734.77604538636
3286,3652.39131905613
3287,3638.92330200439
3288,3723.56372764735
3289,3574.79161745553
3290,3644.58815518451
3291,3714.71325512555
3292,3812.54441860893
3293,3744.23517296277
3294,3826.9101587845
3295,3920.44336335445
3296,3868.13979421518
3297,3842.1411650961
3298,3879.94470406962
3299,3953.28424477695
3300,3998.98036648996
3301,3974.34542583346
3302,4108.08672943363
3303,3945.72595276497
3304,3959.78236470591
3305,3988.91668746681
3306,3966.40737702731
3307,3882.26446335516
3308,3863.81468916251
3309,3894.90615489478
3310,3767.66115479314
3311,3824.4450910358
3312,3556.38953510734
3313,3613.56642238072
3314,3555.3878406627
3315,3545.821033844
3316,3594.6377322853
3317,3602.25034506349
3318,3506.09231024024
3319,3600.34814822511
3320,3460.14337783826
3321,3468.5463530655
3322,3426.55904468731
3323,3419.30751489166
3324,3549.6595608378
3325,3485.08521547695
3326,3426.29069459365
3327,3509.78634220143
3328,3494.88104886556
3329,3451.52491669681
3330,3479.83847295653
3331,3453.14466265356
3332,3540.87191696843
3333,3538.83332070656
3334,3573.46920100814
3335,3580.54196480946
3336,3498.61071973912
3337,3469.39589929281
3338,3528.47816562076
3339,3516.92842885062
3340,3644.82383918124
3341,3537.52890152991
3342,3487.42774811992
3343,3491.33153921494
3344,3350.63330192617
3345,3517.66592465632
3346,3357.5537033981
3347,3287.51539391831
3348,3170.74812046829
3349,3135.28268418747
3350,3137.42913977984
3351,3181.00501284434
3352,3145.22858729096
3353,3059.4129560321
3354,2986.80648313445
3355,2916.22815807901
3356,2920.98484899847
3357,2940.25929704053
3358,2849.54542981962
3359,2890.37871855066
3360,2851.41507297153
3361,2890.07863529195
3362,2992.7028403618
3363,3033.61510551145
3364,2986.63044635825
3365,3096.99829306244
3366,2957.40384657687
3367,3028.52436675999
3368,3105.76796175133
3369,3276.57923898061
3370,3147.35338994392
3371,3149.03317709864
3372,3196.57812030831
3373,3265.26272544755
3374,3282.9930391935
3375,3289.28634608691
3376,3304.87801662898
3377,3397.50644299251
3378,3281.21464288551
3379,3250.36533142355
3380,3205.52081211034
3381,3057.78079960162
3382,3048.42819069225
3383,2895.15231411418
3384,2860.37717956345
3385,2741.50829696796
3386,2868.27655004927
3387,2686.05518595478
3388,2658.2516178506
3389,2614.89051486579
3390,2637.33277724909
3391,2514.36918534163
3392,2406.55145229585
3393,2377.28572684573
3394,2416.34857091173
3395,2276.43741938408
3396,2348.39743961458
3397,2312.41727483875
3398,2322.86395998514
3399,2371.89235497862
3400,2433.73810071696
3401,2482.69732221451
3402,2532.09219166908
3403,2522.52409774462
3404,2543.50763913193
3405,2639.43164731137
3406,2728.52411518483
3407,2870.84029572332
3408,2887.49770858462
3409,2942.06164208437
3410,2937.24704762518
3411,2979.28509894153
3412,3038.73518419691
3413,2997.33884321523
3414,2968.92006388038
3415,2899.71179056213
3416,2921.67194832879
3417,2865.35172280421
3418,2760.9688437503
3419,2683.47873966412
3420,2492.87008440957
3421,2413.71065861275
3422,2502.46175808416
3423,2327.98629011149
3424,2253.34153352497
3425,2181.07938505989
3426,2116.50036465051
3427,2045.90282782265
3428,1861.85287186924
3429,1925.48859992414
3430,1869.8702641405
3431,1895.4343928218
3432,1837.57106753477
3433,1863.90501267968
3434,1828.98266823684
3435,1995.05891768684
3436,1914.5839551984
3437,1876.65207741126
3438,2020.51618620057
3439,2111.66182040292
3440,2195.27410131582
3441,2434.74151185113
3442,2344.01906175465
3443,2362.2364081998
3444,2585.47716658388
3445,2595.91345291184
3446,2660.68703887418
3447,2665.50512439151
3448,2760.36852966971
3449,2781.82409972914
3450,2867.19939600468
3451,2784.14873094679
3452,2722.42721057513
3453,2710.88709908421
3454,2588.55894102476
3455,2587.01498696247
3456,2473.12704444285
3457,2234.85712632409
3458,2261.87645311721
3459,2130.66278068787
3460,2018.34723390997
3461,1933.08515121464
3462,1863.43449412667
3463,1793.18266966294
3464,1622.14621079148
3465,1672.69464235222
3466,1663.63358411793
3467,1548.01208958453
3468,1530.61786664912
3469,1537.72613012055
3470,1529.00638820356
3471,1577.11514772423
3472,1521.76559131122
3473,1638.8693551671
3474,1687.69508124225
3475,1776.59329413857
3476,1758.01164588428
3477,1948.1774710831
3478,1885.07418783085
3479,2043.64614674141
3480,2111.24448433454
3481,2226.22266261202
3482,2327.19844918826
3483,2499.18616132136
3484,2541.32602241266
3485,2599.72671794543
3486,2588.18728414009
3487,2772.83598008905
3488,2587.89087529921
3489,2667.24724017197
3490,2458.05031954133
3491,2467.30334809477
3492,2465.51517161327
3493,2305.1756913858
3494,2201.46001605414
3495,2003.24017426299
3496,1907.46680298213
3497,1794.01248460268
3498,1675.99372097015
3499,1702.82387379428
3500,1437.65782578062
